round,time_to_normalize_gradients,time_to_aggregate_gradients,time_to_update_server_model,time_to_compute_cosine_similarities,time_to_normalize_importance_coefficient,time_to_compute_tanh_vals,time_to_compute_sparsified_gradients,round_total_server_only_computation_time,round_duration,total_server_only_computation_time,total_time,round_clients_local_training_dataset_average_accuracy,round_clients_local_testing_dataset_average_accuracy,round_clients_central_testing_dataset_average_accuracy,round_server_central_testing_dataset_loss,round_server_central_testing_dataset_accuracy,flattened_aggregated_gradient_norm,aggregated_gradient_non_zero_fraction,aggregated_gradient_sparsity
0,0.00692155999999855,0.00440563500000124,0.0002853459999982988,0.0004842989146709442,5.419831722974777e-06,2.05356627702713e-06,0.017287238035351038,0.029391551348020073,30.145394443,0.029391551348020073,30.145394443,0.1404200011574686,0.1324995225908109,0.13248333333333337,2.2992170249359516,0.1326,0.1469568643046274,0.9926804310871251,0.007319568912874885
1,0.002526154000001668,0.004013338000000033,0.00027253199999677236,0.0004875347949564457,4.587695002555847e-06,2.1741725504398346e-06,0.018236972857266665,0.02554329351977458,17.101897934,0.05493484486779465,47.247292377,0.20795001546299727,0.14559912694094426,0.1456583333333333,2.2875633511362197,0.1457,0.14819073131685126,0.9925318941757026,0.007468105824297355
2,0.0023423889999989456,0.001321972999996035,0.00026559799999859024,0.0004701227881014347,5.170237272977829e-06,1.7131678760051727e-06,0.01841521728783846,0.022822183481082448,16.767563477000003,0.0777570283488771,64.014855854,0.2515719539364359,0.1562996901398449,0.1563083333333333,2.26983672757692,0.1563,0.14743029162772595,0.9841725668828704,0.01582743311712964
3,0.0022424320000027365,0.002867264999991903,0.0002646269999928563,0.0004799710586667061,5.710870027542114e-06,1.7439015209674835e-06,0.020456841681152582,0.026318591511355294,17.22945246500001,0.1040756198602324,81.24430831900001,0.2791319195664539,0.1820014576574035,0.18199166666666666,2.245744877223727,0.1821,0.14672068922969764,0.9749467742734069,0.025053225726593076
4,0.002190244000004782,0.0013320319999934327,0.00027085899999690355,0.00047259824350476265,4.9388036131858826e-06,1.7629936337471008e-06,0.020809154026210308,0.025081589066957122,17.27912778199999,0.12915720892718952,98.523436101,0.29905578077037565,0.20680082584592588,0.206875,2.2158003728601,0.2073,0.14604835921003315,0.9746249442986582,0.025375055701341798
5,0.002258412000003318,0.0013287160000032827,0.0002739150000081736,0.0004845196381211281,5.189795047044754e-06,1.69314444065094e-06,0.01987073104828596,0.02422317662590956,16.889775853000003,0.15338038555309907,115.413211954,0.31421382112762714,0.23250259336348447,0.2325083333333333,2.1803292141685002,0.2327,0.1454387597653196,0.9751283193873678,0.02487168061263223
6,0.0022461179999879732,0.001313777999996546,0.000262101999993547,0.00048452988266944885,4.56860288977623e-06,1.9730068743228912e-06,0.017490029335021973,0.021803098827433587,17.225927173000017,0.17518348438053266,132.63913912700002,0.32684191457674266,0.2582042409289855,0.25857499999999994,2.1408290712139273,0.2592,0.1448165560900469,0.9862768397946889,0.013723160205311058
7,0.002338762999983146,0.0013231949999976678,0.00026160099997696307,0.0004846709780395031,4.398170858621597e-06,1.7327256500720978e-06,0.019743793178349733,0.024158154052855707,17.282848088999998,0.19934163843338837,149.92198721600002,0.3379518894369391,0.28590500948580866,0.28633333333333333,2.097945008096816,0.2867,0.1442469902692231,0.9802033305276361,0.019796669472363915
8,0.0022466590000078668,0.0013450870000042414,0.00027411400000687536,0.00047898897901177406,4.288274794816971e-06,1.7331913113594055e-06,0.02022130973637104,0.024572180181507974,17.04002906599999,0.22391381861489634,166.962016282,0.34805996941272066,0.30620281685815814,0.30582499999999996,2.053168349628207,0.3059,0.14358954937479287,0.9801703223250978,0.01982967767490218
9,0.0022234159999925396,0.0013362089999873206,0.0002702580000004673,0.0004772269167006016,5.009118467569351e-06,1.9441358745098114e-06,0.01934866001829505,0.023662723189318058,16.873370895000022,0.2475765418042144,183.83538717700003,0.3573140029738571,0.32050302135242587,0.3205416666666667,2.0079398170302185,0.3208,0.1429119701493471,0.9812595930088627,0.018740406991137326
10,0.0022655260000021826,0.002842668999988973,0.0002641370000162624,0.0004795808345079422,5.190260708332062e-06,1.6530975699424744e-06,0.019768157973885536,0.02562691416667917,17.226845704999988,0.27320345597089357,201.06223288200002,0.3662319203613975,0.33800414650272576,0.33803333333333335,1.9622819257687918,0.3379,0.14208685070788357,0.9819280091102639,0.0180719908897361
11,0.002274210999985371,0.001314528999984077,0.0002585549999878367,0.0004613962955772877,4.9299560487270355e-06,1.7443671822547913e-06,0.018464849796146154,0.02278021541491171,17.127386048999995,0.2959836713858053,218.189618931,0.3745160545581701,0.35460575117337095,0.3544583333333334,1.9170589069776898,0.3546,0.1412327115464822,0.9812513409582281,0.01874865904177192
12,0.0022467400000039106,0.0013433629999894947,0.00028184900000383095,0.0005021728575229645,4.728790372610092e-06,1.8943101167678833e-06,0.01827406184747815,0.02265480980548773,17.185276474000005,0.318638481191293,235.37489540500002,0.3815200444070091,0.36590463523538913,0.3662916666666667,1.8740164796008338,0.366,0.1401377941539619,0.9817134557937648,0.01828654420623521
13,0.002218487000021696,0.0013522289999912118,0.00028113800001960954,0.0004906821995973587,4.8889778554439545e-06,1.6638077795505524e-06,0.016316003631800413,0.020665092617065284,17.172104082000004,0.3393035738083583,252.54699948700002,0.3893240821099171,0.3768026395210362,0.3769833333333334,1.8325507852095593,0.3768,0.13910009403841495,0.9825634170091267,0.01743658299087325
14,0.002271545999974478,0.001330989999985377,0.00026317499998640415,0.0004977751523256302,4.779081791639328e-06,1.6530975699424744e-06,0.015589841175824404,0.019959759507457875,17.27164549599999,0.35926333331581617,269.818644983,0.3964901924504705,0.38500256217594947,0.38516666666666666,1.794091396693942,0.3849,0.1378881103031705,0.9886864385799872,0.01131356142001283
15,0.0022383639999929983,0.00135345099999995,0.00026471699999319753,0.00048428913578391075,4.940200597047806e-06,1.923646777868271e-06,0.016658788081258535,0.021006473064403508,17.257111576,0.3802698063802197,287.075756559,0.4030321232486711,0.39510264537469664,0.3950583333333333,1.7575785238531572,0.3951,0.13663409340478846,0.9890825370104471,0.010917462989552873
16,0.002191595999988749,0.001381965999996737,0.0002687849999460923,0.0005214698612689972,4.618428647518158e-06,1.7327256500720978e-06,0.015465176198631525,0.01983534421412969,16.71315019299999,0.40010515059434937,303.788906752,0.4104401172630145,0.4045028083175715,0.4046166666666666,1.7228426390056368,0.4049,0.1352948907305761,0.9888432275420442,0.011156772457955766
17,0.002209008999955131,0.0013356179999846063,0.0002671610000106739,0.0004926249384880066,4.899222403764725e-06,1.642853021621704e-06,0.014341887086629868,0.018652842100493672,17.201851621999992,0.41875799269484304,320.990758374,0.41715009558716815,0.41010157060426095,0.41025,1.6915476412712773,0.4103,0.13376215020685134,0.9922760806060306,0.007723919393969436
18,0.0022151310000140256,0.0013671980000253825,0.0002751269999521355,0.00048234593123197556,4.569068551063538e-06,1.8631108105182648e-06,0.014908912125974894,0.019255146236559995,17.273527839999986,0.43801313893140303,338.264286214,0.4246800447994885,0.41520061261914837,0.41550000000000004,1.66301006154169,0.4157,0.1323290317967686,0.9921935600996847,0.007806439900315265
19,0.002239364999979898,0.0012891320000107953,0.0002597879999939323,0.0004789987578988075,4.648696631193161e-06,1.6530975699424744e-06,0.016211517620831728,0.020485103172916297,16.834710357999995,0.45849824210431933,355.098996572,0.4311320754445261,0.4212993350817546,0.42084999999999995,1.6362500794326202,0.4208,0.13067746020164095,0.9926721790364905,0.007327820963509479
20,0.0022196489999828373,0.0013419599999906495,0.0002874999999562533,0.00047298800200223923,4.71901148557663e-06,1.843087375164032e-06,0.01531251985579729,0.01964117895659001,17.28083830700001,0.47813942106090934,372.379834879,0.4363321419164046,0.42919865788041833,0.4292416666666667,1.6104230412954017,0.4296,0.12896438260075216,0.9929692528593356,0.007030747140664428
21,0.0022275639999520536,0.0013659260000054019,0.00026092999996762956,0.0004929956048727036,5.029141902923584e-06,1.7140991985797882e-06,0.014736798126250505,0.019090956972149797,17.52277719800003,0.49723037803305914,389.902612077,0.443872130171977,0.43479861968768324,0.4346583333333333,1.5866685743573345,0.4348,0.1271455044925968,0.9949332409103663,0.005066759089633721
22,0.002292404999991504,0.001330948999964221,0.0002626630000008845,0.0004960820078849792,4.618894308805466e-06,1.6228295862674713e-06,0.014954918064177036,0.019343258795913698,17.177510442000028,0.5165736368289728,407.08012251900004,0.4491201390398609,0.44159906168702495,0.44098333333333334,1.5647827371766296,0.4414,0.12534766188190788,0.9951477942268654,0.00485220577313461
23,0.0021860960000026353,0.001314508999996633,0.0002764889999866682,0.000487396027892828,5.349982529878616e-06,1.5832483768463135e-06,0.014368796721100807,0.018640219979886297,17.14091433799996,0.5352138568088591,424.221036857,0.45465603222217493,0.4462981835420019,0.4462916666666667,1.545126343075233,0.4467,0.12338417501447017,0.9954448680497103,0.00455513195028967
24,0.0022191480000515185,0.0013064440000221111,0.00026053900000988506,0.0005114502273499966,4.628673195838928e-06,1.6731210052967072e-06,0.015252486802637577,0.019556369824272224,17.125254579,0.5547702266331314,441.346291436,0.46072610110538265,0.45229806550917734,0.4525333333333334,1.5265941212448892,0.452,0.12139611377878838,0.9954448680497103,0.00455513195028967
25,0.002199120000000221,0.0013408589999812648,0.0002577440000095521,0.0004846598021686077,4.698988050222397e-06,1.6433186829090118e-06,0.014350503217428923,0.0186392283263217,16.920018252999967,0.5734094549594531,458.26630968899997,0.4666060397357361,0.45969754808398183,0.4592833333333333,1.509688069548788,0.4597,0.11956427372854522,0.9959647472396891,0.0040352527603109145
26,0.002180054999996628,0.0030573920000165344,0.00026905499998974847,0.0004984759725630283,5.019828677177429e-06,1.712702214717865e-06,0.01433160761371255,0.020343318117170384,17.25385264900001,0.5937527730766234,475.520162338,0.4712100516356195,0.46419742957134896,0.46419999999999995,1.4935349603242511,0.4639,0.11771999329885456,0.996162796454919,0.0038372035450809916
27,0.002240398000026289,0.0013157910000245465,0.0002644969999892055,0.0005057691596448421,5.089212208986282e-06,1.4831312000751495e-06,0.014590484090149403,0.018923511593243347,17.220572129000004,0.6126762846698668,492.740734467,0.4762321145849379,0.4681973508827992,0.468525,1.4787286354016653,0.4685,0.11590476203168104,0.9963195854169761,0.0036804145830239277
28,0.002229867999972157,0.001363129999958801,0.00026453700002093683,0.0004736301489174366,4.578847438097e-06,1.7229467630386353e-06,0.014329713769257069,0.018667180712327536,17.109983220000004,0.6313434653821943,509.850717687,0.48078612040369456,0.47409779259425594,0.4744,1.465050653566288,0.4743,0.11428003786466126,0.9964598702777641,0.0035401297222359407
29,0.0022711650000246664,0.0013212919999432415,0.00027362399998764886,0.0005095070227980614,5.0691887736320496e-06,1.7131678760051727e-06,0.014662409201264381,0.019044779580667637,17.214720866999983,0.650388244962862,527.0654385539999,0.4861601297532299,0.47889815398581503,0.4799,1.4520272982271412,0.4794,0.11236772592660386,0.9980607681008731,0.0019392318991269253
30,0.0022500860000036482,0.0013194480000038311,0.0002620920000708793,0.0004884181544184685,4.8889778554439545e-06,1.7927959561347961e-06,0.015074944123625755,0.01940167005193416,17.332221155999946,0.6697899150147961,544.3976597099999,0.4909040853303987,0.4845980358570287,0.4842666666666667,1.4399924791311915,0.4842,0.1107907253492617,0.9974418643032794,0.002558135696720587
31,0.0022227950000797136,0.0013538230000449403,0.0002649780000183455,0.00048465095460414886,4.949048161506653e-06,2.0042061805725098e-06,0.014600662980228662,0.01893386318931789,17.318740776000027,0.688723778204114,561.7164004859999,0.4959300989958249,0.4893982772965301,0.48926666666666674,1.4285102026372016,0.4888,0.10913779989658735,0.9975821491640673,0.002417850835932711
32,0.0022500259999560512,0.0013213419999829057,0.00026244299999689247,0.0004744608886539936,4.587695002555847e-06,1.6130506992340088e-06,0.015385906677693129,0.01970037931198476,17.18554012800007,0.7084241575160988,578.901940614,0.5000481396917916,0.4917982780642233,0.4921333333333333,1.4175798229024381,0.4915,0.10773101514342832,0.9984321103794292,0.0015678896205707504
33,0.0022081170000092243,0.0013592230000085692,0.00026792300002398406,0.000492866151034832,4.828907549381256e-06,1.7927959561347961e-06,0.015181204304099083,0.01951595515868121,16.81969183500007,0.72794011267478,595.721632449,0.5046861791143121,0.4953981592637055,0.49574166666666675,1.4071671132799946,0.4954,0.10621226415720608,0.9985888993414863,0.0014111006585136865
34,0.002231150000056914,0.0013512779999018676,0.0002560609999591179,0.0004948298446834087,4.698988050222397e-06,1.6731210052967072e-06,0.01591347809880972,0.020253169052466546,17.343391849,0.7481932817272465,613.065024298,0.5087941865274878,0.498197840287194,0.49889999999999995,1.3971587419509888,0.4986,0.10486974683079721,0.9988117047086201,0.0011882952913798706
35,0.0022627999999258464,0.0013522300000659015,0.00026208300005237106,0.0004978352226316929,5.810987204313278e-06,1.5529803931713104e-06,0.015139734838157892,0.01952204702843119,16.858885049000037,0.7677153287556777,629.9239093470001,0.5135701453053223,0.5014978413427721,0.5023416666666666,1.38771588289285,0.5021,0.10354290921016146,0.9988282088098892,0.0011717911901107936
36,0.0022687210000640334,0.0013540439999815135,0.000267483000016,0.00046990346163511276,4.428904503583908e-06,1.7229467630386353e-06,0.016374354250729084,0.020740657563692366,17.209652770999924,0.7884559863193701,647.133562118,0.51763609847362,0.5055978026702288,0.505975,1.3784633029865314,0.5058,0.10234146940319788,0.9990592662276576,0.0009407337723423836
37,0.002273549999927127,0.0013037289999147106,0.00027436599998509337,0.000486843753606081,4.859175533056259e-06,1.5026889741420746e-06,0.016678125131875277,0.021022975749815487,17.009471034000057,0.8094789620691856,664.143033152,0.5214421809289342,0.5085973238216149,0.5088250000000001,1.3694072644921798,0.509,0.10130156108239252,0.9991170305820997,0.0008829694179003367
38,0.0022316419999697246,0.0028337720000308764,0.00027558800002225325,0.0004941876977682114,4.658009856939316e-06,1.7439015209674835e-06,0.01592127326875925,0.021762864877928223,17.093575289,0.8312418269471138,681.236608441,0.5257221697828264,0.5117974048132443,0.5122249999999999,1.3608794981920267,0.5118,0.10002423977834565,0.9991005264808305,0.0008994735191695247
39,0.0022480919999452453,0.001274153000053957,0.0002688450000505327,0.0004998892545700073,4.628673195838928e-06,1.69314444065094e-06,0.016670050099492073,0.020967351171748305,17.162198196999952,0.8522091781188621,698.398806638,0.5294241165459523,0.5141978853891677,0.5151166666666667,1.352409060997299,0.5154,0.09886047454541505,0.9991995510884455,0.0008004489115545077
40,0.0021837609999693086,0.001356448000024102,0.0002636149999943882,0.0005020233802497387,4.6691857278347015e-06,1.7327256500720978e-06,0.016057609114795923,0.020369858406411367,16.71018196600005,0.8725790365252735,715.108988604,0.5340082351741194,0.5198984869727268,0.5191833333333333,1.3440984034840064,0.5193,0.0980031292271822,0.9992243072403493,0.0007756927596507257
41,0.0022153510000180177,0.001343863999977657,0.0002795849999301936,0.0004960517399013042,5.139969289302826e-06,1.642853021621704e-06,0.016446009278297424,0.02078764384043552,16.90183520200003,0.893366680365709,732.0108238060001,0.5374301452907291,0.5222984877404199,0.5221000000000001,1.3364438105233107,0.5232,0.09704315010380705,0.9993976003036754,0.0006023996963245848
42,0.002258862999951816,0.0013679490000413352,0.00027144000000589585,0.0004800320602953434,4.537869244813919e-06,1.69314444065094e-06,0.01548057608306408,0.019865091157043935,17.359747892999962,0.9132317715227529,749.370571699,0.5402181138038962,0.525900048268708,0.5247833333333334,1.3289391451244112,0.5255,0.09599027506479267,0.999447112607483,0.0005528873925170208
43,0.0022338859999990746,0.0013061330000709859,0.00026137100007872505,0.0005023130215704441,5.379784852266312e-06,1.552049070596695e-06,0.015273536089807749,0.01958417094544984,16.73051237100003,0.9328159424682028,766.1010840700001,0.5455702055597434,0.5279995691322091,0.5269666666666667,1.321212407908862,0.5275,0.09494427096819602,0.999447112607483,0.0005528873925170208
44,0.0021785710000585823,0.0013125250000030064,0.00026496800001041265,0.0005163298919796944,4.678964614868164e-06,1.6330741345882416e-06,0.0151906106621027,0.01946931659290385,17.179681009999968,0.9522852590611066,783.28076508,0.5492321526423829,0.5308992901717041,0.5298499999999999,1.3132757370985007,0.5306,0.0940070968019909,0.9995296331138288,0.0004703668861711918
45,0.0022281850000354098,0.0013218519999327327,0.0002772500000673972,0.0005109589546918869,4.898756742477417e-06,1.6526319086551666e-06,0.017493005376309156,0.021837802719687716,16.819577611,0.9741230617807943,800.100342691,0.5529442123746758,0.5333993309554037,0.5319,1.306050947949856,0.5322,0.09294920184347882,0.9995543892657325,0.00044561073426752085
46,0.0022190480000290336,0.0013308000000051834,0.00027526700000635174,0.0004666373133659363,4.036817699670792e-06,1.6726553440093994e-06,0.01715024095028639,0.021447702736736574,17.000231566000025,0.9955707645175309,817.1005742570001,0.556764067611989,0.5361994917871225,0.5348916666666667,1.2988605559626711,0.5348,0.09204929043256006,0.9996204056708092,0.00037959432919076885
47,0.0022200200000952464,0.0013059530000418818,0.00026247300002069096,0.00048419972881674767,4.998873919248581e-06,1.723412424325943e-06,0.016219162847846746,0.020498530863164888,17.110964738000007,1.0160692953806958,834.2115389950001,0.560842138869889,0.5400990132263938,0.538725,1.2922858512854274,0.5387,0.0911623218187564,0.99960390156954,0.00039609843045995685
48,0.0022431129999631594,0.001332874000013362,0.00026325499993617996,0.00044988514855504036,5.04031777381897e-06,1.593027263879776e-06,0.014902911148965359,0.0191986716424708,17.14606843399997,1.0352679670231666,851.357607429,0.5640082230771514,0.54179981345056,0.5415,1.2853475039518332,0.5416,0.09025834816993455,0.9996699179746167,0.0003300820253833159
49,0.0021769590000531025,0.0013164430000642824,0.00026784300007420825,0.0004904619418084621,4.508066922426224e-06,1.4831312000751495e-06,0.016054663807153702,0.02031236194727626,17.251095510000027,1.0555803289704428,868.6087029390001,0.5678201528803284,0.5430000537385218,0.543125,1.278614199614223,0.5436,0.08922714066527175,0.9996781700252513,0.0003218299747487219
50,0.0022590229999650546,0.0012778000000253087,0.00026236300004711666,0.0005136346444487572,4.7390349209308624e-06,1.5730038285255432e-06,0.014369067270308733,0.018688199953544427,16.85244817800003,1.0742685289239873,885.4611511170001,0.5711900469949921,0.545700534410407,0.5457916666666666,1.272203561625903,0.546,0.08830495482586617,0.9997029261771551,0.0002970738228449399
51,0.002194461000044612,0.0013352779999422637,0.00026803299999755836,0.00047451118007302284,5.109235644340515e-06,1.6130506992340088e-06,0.015024157706648111,0.019303163173049143,17.341430606000017,1.0935716920970364,902.8025817230001,0.5743380145526908,0.5484997356256651,0.5484333333333333,1.2659495329555077,0.5486,0.08746601213884975,0.9997524384809625,0.0002475615190374869
52,0.002225661000011314,0.0013340959999368351,0.0002716699999609773,0.000497354194521904,4.578847438097e-06,1.5529803931713104e-06,0.015415553003549576,0.019750466025811875,16.87179861100003,1.1133221581228483,919.6743803340001,0.5785639698032031,0.5525001367453456,0.55185,1.2597444540337672,0.552,0.086560220787505,0.9998349589873083,0.00016504101269165794
53,0.0022285060000513113,0.002854320999972515,0.00027186099998743884,0.0004811226390302181,5.199108272790909e-06,1.5329569578170776e-06,0.015255332924425602,0.021097875628697693,17.35301326000001,1.134420033751546,937.0273935940002,0.5819640876161497,0.5540001372251538,0.5541,1.2538123840018163,0.5546,0.08569130454592351,0.99980195078477,0.00019804921523003394
54,0.0022578900000098656,0.0013354379999555022,0.00026056900003368355,0.0004733591340482235,4.359055310487747e-06,1.443084329366684e-06,0.016483979765325785,0.020817038039012914,16.842522177999967,1.155237071790559,953.8699157720001,0.5849120990147962,0.557399458584393,0.5569916666666667,1.2481404844718644,0.5574,0.08466540948832062,0.9998102028354046,0.00018979716459543994
55,0.0022569790000943613,0.0028672749999714142,0.00026221300004181103,0.0004924749955534935,5.050096660852432e-06,1.742970198392868e-06,0.015746885910630226,0.02163262097315055,17.329843973999914,1.1768696927637095,971.199759746,0.5882540347324302,0.5596989395278494,0.5595416666666667,1.242270428923112,0.5602,0.08408905464352952,0.9998184548860392,0.00018154511396084594
56,0.0022931870000775234,0.001305591999994249,0.00026419599998916965,0.00048195524141192436,5.11854887008667e-06,1.6628764569759369e-06,0.0157690467312932,0.02012075839809313,17.242839108999988,1.1969904511618026,988.442598855,0.5916399966927274,0.5621986204553765,0.5623583333333333,1.236709890486319,0.5636,0.08310079673997588,0.9998349589873083,0.00016504101269165794
57,0.0021864159999722688,0.0013140280000243365,0.00027154999997947016,0.0004851720295846462,3.137858584523201e-05,1.8640421330928802e-06,0.016060234047472477,0.020350642705011524,16.838648819000014,1.217341093866814,1005.281247674,0.5949280980229213,0.5654992212712423,0.5650666666666667,1.2312426084204564,0.5657,0.08231626974840778,0.9998762192404813,0.00012378075951868794
58,0.0022819959999651473,0.0013247680000176842,0.0002645570000368025,0.0005031749606132507,4.728790372610092e-06,1.7229467630386353e-06,0.015647619031369686,0.02002856672913822,17.083826885999997,1.2373696605959523,1022.36507456,0.5981800668620539,0.5670991418149993,0.5673416666666666,1.2261257292349128,0.5678,0.08145643265635785,0.999900975392385,9.902460761501697e-05
59,0.0021932300001026306,0.0013331640000160405,0.0002734540000801644,0.000488688237965107,5.339737981557846e-06,1.843087375164032e-06,0.015198735985904932,0.019494455049425596,17.25064453599998,1.256864115645378,1039.615719096,0.601722039385193,0.5689995422629484,0.5691333333333334,1.2203987474682965,0.57,0.08065984909082756,0.999900975392385,9.902460761501697e-05
60,0.0022091000000727945,0.0013271129998884135,0.00027127999987897056,0.0005070017650723457,4.898756742477417e-06,1.6628764569759369e-06,0.015524487942457199,0.019845544340569177,17.169394827999895,1.276709659985947,1056.785113924,0.6043740864629054,0.5723000231267567,0.5712083333333333,1.2150863831556296,0.5717,0.07985963802491153,0.999900975392385,9.902460761501697e-05
61,0.002246889999923951,0.001330247999931089,0.00026901499995801714,0.000497354194521904,5.068723112344742e-06,1.7140991985797882e-06,0.015565845184028149,0.019916135200674034,16.984660179000002,1.2966257951866211,1073.769774103,0.6072720356159312,0.573700103542616,0.5732750000000001,1.210127033764803,0.5734,0.07899717993042032,0.999900975392385,9.902460761501697e-05
62,0.0022337249999964115,0.001337080999974205,0.00028255000006538467,0.0004959520883858204,4.848930984735489e-06,1.612585037946701e-06,0.015364647377282381,0.019720416981726885,17.20080857400012,1.316346212168348,1090.970582677,0.6109119561361638,0.5754999841663284,0.5752583333333333,1.20532487012163,0.575,0.07843153800305765,0.999900975392385,9.902460761501697e-05
63,0.002571670999941489,0.0013428929999008687,0.00026589900016915635,0.00047669606283307076,4.5979395508766174e-06,1.7029233276844025e-06,0.01691747410222888,0.021580934027952026,17.181121762999965,1.3379271461963,1108.15170444,0.613414004172033,0.5780001449020856,0.57715,1.2004852943782565,0.5769,0.07766187658932405,0.9999174794936542,8.252050634582897e-05
64,0.002189351999959399,0.0013504260000445356,0.00026230200001009507,0.0004844497889280319,4.698988050222397e-06,1.7229467630386353e-06,0.014935973100364208,0.01922892482411953,17.100000969999883,1.3571560710204196,1125.2517054099999,0.6167479179678107,0.579199905381817,0.5787583333333334,1.1954949626439735,0.5787,0.07678130314219965,0.999900975392385,9.902460761501697e-05
65,0.0022308999998585932,0.0013595539999187167,0.0002661700000317069,0.0004994492046535015,4.7888606786727905e-06,1.69314444065094e-06,0.015208133962005377,0.01957068917158722,17.155256195999982,1.3767267601920068,1142.4069616059999,0.6192559564029885,0.579999985605753,0.5798500000000001,1.1907311527034905,0.5802,0.07629196489568744,0.9998927233417504,0.00010727665824961097
66,0.0022237060002225917,0.0013644230000409152,0.00027978599996458797,0.00047300802543759346,4.447996616363525e-06,1.8640421330928802e-06,0.015783854760229588,0.020131089824644732,17.130466585000022,1.3968578500166515,1159.537428191,0.6222919564418523,0.5826000664054591,0.5816,1.1867102067681807,0.5819,0.07551401903865673,0.999900975392385,9.902460761501697e-05
67,0.0022819959999651473,0.0013194480000038311,0.00026048900008390774,0.00048126373440027237,4.7888606786727905e-06,1.5529803931713104e-06,0.015722920652478933,0.020072459228003936,16.952920876000007,1.4169303092446555,1176.490349067,0.625317955840537,0.5828005062936444,0.5829416666666667,1.182620108127594,0.5833,0.07472073365453577,0.9999092274430196,9.077255698042297e-05
68,0.0022587030000522645,0.0013086280000607076,0.00027604799993241613,0.00048854760825634,4.899222403764725e-06,1.812819391489029e-06,0.01600865786895156,0.02034729651904854,17.316467642000134,1.437277605763704,1193.806816709,0.6295880323813173,0.5850005469813825,0.5844333333333334,1.1783942851839186,0.5854,0.07404057596390227,0.9999092274430196,9.077255698042297e-05
69,0.0023013919999357313,0.0013377719999425608,0.00026999700003216276,0.0005006510764360428,5.200039595365524e-06,1.6828998923301697e-06,0.018172009848058224,0.022588704863892417,17.130608191999954,1.4598663106275964,1210.937424901,0.632023988248967,0.5873002678289542,0.587075,1.1742313519308838,0.5871,0.07345528933639763,0.9999257315442888,7.426845571123497e-05
70,0.0022181659999205294,0.001338783999926818,0.00026457700005266815,0.00047785695642232895,4.879198968410492e-06,1.6940757632255554e-06,0.01610699202865362,0.020412949259707602,17.33863941100003,1.480279259887304,1228.276064312,0.6338998789842372,0.5883011477972485,0.5884999999999999,1.1705117489718184,0.5889,0.07288055864711017,0.9999257315442888,7.426845571123497e-05
71,0.0022271230000114883,0.0013149999999768625,0.00027154999997947016,0.00046833883970975876,4.748813807964325e-06,1.6228295862674713e-06,0.015890004113316536,0.020178387596388347,17.05559065800003,1.5004576474836924,1245.33165497,0.636865866861232,0.5901011483730183,0.590375,1.1665123829358741,0.5905,0.07209961735642721,0.9999174794936542,8.252050634582897e-05
72,0.002252811000062138,0.001342512000064744,0.0002644359999521839,0.0005074231885373592,4.568137228488922e-06,1.6526319086551666e-06,0.01811140589416027,0.02248480885191384,17.17545149700004,1.5229424563356062,1262.507106467,0.6394980398687644,0.592000829108622,0.5916083333333333,1.162913228892073,0.5912,0.07153198658266631,0.9999092274430196,9.077255698042297e-05
73,0.002245548000018971,0.0012898119998681068,0.0002628939998885471,0.00047761714085936546,5.109235644340515e-06,1.6028061509132385e-06,0.015541990287601948,0.019824573470032192,17.1288252920001,1.5427670298056384,1279.6359317590002,0.643507959113631,0.5939007497483405,0.5932916666666667,1.1588791548451292,0.5934,0.0707765978133275,0.999900975392385,9.902460761501697e-05
74,0.002211093000141773,0.0013091789999180037,0.0002676930000689026,0.00047788815572857857,5.059409886598587e-06,1.6530975699424744e-06,0.017369613982737064,0.021642179646050863,17.274455819999957,1.5644092094516893,1296.9103875790001,0.6451158477653041,0.5957009902282255,0.5955,1.1551506572131869,0.5955,0.07031031011839602,0.9999257315442888,7.426845571123497e-05
75,0.0022415299999920535,0.0012988890000542597,0.0002691949998734344,0.00047313887625932693,4.728790372610092e-06,1.5031546354293823e-06,0.016276981215924025,0.02056596603711114,17.494716598000196,1.5849751754888004,1314.4051041770003,0.6479358934050518,0.5971003509317395,0.5970916666666667,1.151610116415386,0.5977,0.0696642615673008,0.9999257315442888,7.426845571123497e-05
76,0.002237954000065656,0.0013518790001398884,0.0002676029998838203,0.00048205582424998283,4.649162292480469e-06,1.57160684466362e-06,0.016522642225027084,0.020868354818503576,17.092565223000065,1.605843530307304,1331.4976694000004,0.6507478623985646,0.5976004310597142,0.5979166666666668,1.1483549105970166,0.5984,0.06925670797961445,0.999942235645558,5.776435444204697e-05
77,0.0022792409999965457,0.0013507369999388175,0.00026699200020630087,0.0004941276274621487,5.078967660665512e-06,1.7029233276844025e-06,0.015335623174905777,0.01973350269349794,17.31591313800004,1.625577033000802,1348.8135825380004,0.6532739339566229,0.5999009915716885,0.5995750000000001,1.1453360583208785,0.6002,0.06867278903929139,0.9999257315442888,7.426845571123497e-05
78,0.0022689719999107183,0.0013400370000908879,0.0002612309999676654,0.0004990170709788799,5.159992724657059e-06,1.7629936337471008e-06,0.015493831131607294,0.01987001118891385,17.40454730600004,1.6454470441897158,1366.2181298440005,0.6558139059868969,0.6010011918436439,0.6006666666666667,1.1423433845556235,0.6005,0.06818046162904579,0.9999339835949234,6.601640507664097e-05
79,0.0021870880000278703,0.0013063229998806491,0.0002559300000939402,0.0004899101331830025,4.598870873451233e-06,1.462642103433609e-06,0.016546016093343496,0.020791328739505843,16.73413834400003,1.6662383729292216,1382.9522681880005,0.6585738849005378,0.6026007525312284,0.602075,1.1398708163937437,0.602,0.06753642417528025,0.9999174794936542,8.252050634582897e-05
80,0.00223190099995918,0.002858589000197753,0.0002645069998834515,0.0005082041025161743,4.838686436414719e-06,1.612585037946701e-06,0.015862583182752132,0.021732235556783053,17.141181652999876,1.6879706084860047,1400.0934498410004,0.6611660015830515,0.6040005930429725,0.6035166666666666,1.137057930608339,0.6036,0.06701311420620108,0.9999257315442888,7.426845571123497e-05
81,0.0023751710000396997,0.001347721999991336,0.00026817399998435576,0.0005084946751594543,5.018897354602814e-06,1.6130506992340088e-06,0.01663375087082386,0.021139944494052543,16.779760785000008,1.7091105529800572,1416.8732106260004,0.663733827361982,0.6054003136026593,0.6056333333333332,1.1339005654371237,0.6057,0.06655229761752657,0.999942235645558,5.776435444204697e-05
82,0.0021801140001116437,0.0014327209999009938,0.00025560000017321727,0.0004943381063640118,4.439149051904678e-06,1.923181116580963e-06,0.0161309358663857,0.02050007130310405,17.42149019999988,1.7296106242831613,1434.2947008260003,0.6655938326662144,0.6067005939066273,0.6070250000000001,1.1310240316994582,0.6075,0.06605834177600785,0.999942235645558,5.776435444204697e-05
83,0.0022761049999644456,0.0013419610002074478,0.00027249200002188445,0.0004761037416756153,4.508066922426224e-06,1.6228295862674713e-06,0.016970123164355755,0.02134291580273384,16.904965862000154,1.750953540085895,1451.1996666880004,0.6694318194342821,0.6080005143544228,0.6085416666666666,1.1287978819653959,0.6086,0.06551182369902185,0.9999092274430196,9.077255698042297e-05
84,0.0021889810000175203,0.001347509999959584,0.00026161099981436564,0.0004751230590045452,4.93926927447319e-06,1.6731210052967072e-06,0.014412869699299335,0.01869270714837512,17.20173977500008,1.7696462472342702,1468.4014064630005,0.6713619410687183,0.6085005944823972,0.6091916666666667,1.126684671715845,0.6104,0.06510956137825594,0.9999504876961925,4.951230380745297e-05
85,0.0021953329999178095,0.0013395260000379494,0.0002714590000323369,0.0004964228719472885,4.7693029046058655e-06,1.5730038285255432e-06,0.014470709022134542,0.018779792200803058,16.763103263999938,1.7884260394350733,1485.1645097270004,0.6733858770895064,0.6096000750420073,0.61,1.1243280451509017,0.6099,0.06469951526677067,0.9999257315442888,7.426845571123497e-05
86,0.002237432000129047,0.0012925680000535067,0.0002694659999633586,0.00046331994235515594,4.367902874946594e-06,1.7238780856132507e-06,0.015531781129539013,0.01980065885300064,16.808624608999935,1.808226698288074,1501.9731343360004,0.676099832800702,0.61070039526602,0.6108,1.122466418562056,0.6108,0.06442260045648862,0.9999504876961925,4.951230380745297e-05
87,0.0022071660000619886,0.001336140000148589,0.00025988799984588695,0.0004929159767925739,5.300156772136688e-06,1.593027263879776e-06,0.015146077144891024,0.01944908030577608,16.995760453000003,1.82767577859385,1518.9688947890004,0.6786338931579666,0.6116998358096236,0.6113333333333333,1.120227376116982,0.6121,0.06378398752342343,0.9999587397468271,4.1260253172858974e-05
88,0.002277347000017471,0.001336479999963558,0.00027277200001663005,0.00047714589163661003,4.599336534738541e-06,1.5329569578170776e-06,0.015583107713609934,0.01995298489873676,17.145592466000153,1.8476287634925868,1536.1144872550005,0.682209858160939,0.6128998361934702,0.6127,1.1181708619564394,0.6135,0.06338323985357373,0.9999587397468271,4.1260253172858974e-05
89,0.0022449360001246532,0.0012933389998579514,0.00026243299998895964,0.0004924354143440723,5.340203642845154e-06,1.5730038285255432e-06,0.01725276419892907,0.02155282082071608,16.821164066999927,1.8691815843133028,1552.9356513220005,0.6835138311354679,0.6134002761776173,0.6138666666666667,1.11650664595109,0.6136,0.0629881365941802,0.9999587397468271,4.1260253172858974e-05
90,0.002211985000030836,0.0033688070000152948,0.0002617919999465812,0.0004792502149939537,4.869420081377029e-06,1.7131678760051727e-06,0.015052270609885454,0.021380687412829502,17.25894848600001,1.8905622717261323,1570.1945998080005,0.6862657828468297,0.6156007966735856,0.61515,1.1146557542342175,0.6154,0.0627094800122487,0.9999504876961925,4.951230380745297e-05
91,0.0022353389999807405,0.001319046999924467,0.0002764390001175343,0.0005004699341952801,4.899222403764725e-06,1.6442500054836273e-06,0.016357602085918188,0.020695440492545458,16.86296586499998,1.9112577122186778,1587.0575656730005,0.6878678491126374,0.6166005970733618,0.6165333333333333,1.1128598421434812,0.6163,0.06221590132620645,0.9999669917974616,3.3008202538376e-05
92,0.002208308000035686,0.002903864000018075,0.00026293399992027844,0.0004910831339657307,4.568137228488922e-06,1.593027263879776e-06,0.014871461316943169,0.020743811615375307,17.240618425000093,1.932001523834053,1604.2981840980005,0.6905618894703497,0.6180010373453938,0.6180416666666667,1.1109299976614457,0.618,0.06187414909305742,0.9999669917974616,3.3008202538376e-05
93,0.0022123359999568493,0.001328605000026073,0.0002691460001642554,0.00048082275316119194,4.608184099197388e-06,1.5231780707836151e-06,0.01502242498099804,0.01931946609647639,16.97934649700005,1.9513209899305295,1621.2775305950006,0.6932598157389848,0.6191013575694067,0.6187333333333334,1.109253392943853,0.6185,0.06153073905659713,0.9999917479493654,8.252050634594e-06
94,0.0022202799998467526,0.001340448000064498,0.0002642160000050353,0.0004994482733309269,4.689209163188934e-06,1.5120021998882294e-06,0.017195024993270636,0.021525618477880926,16.870847985999944,1.9728466084084104,1638.1483785810005,0.6949398075998374,0.6191008777611764,0.6193666666666666,1.1078057077866565,0.6195,0.061077390883063985,0.9999669917974616,3.3008202538376e-05
95,0.002212586000041483,0.0013671070000782493,0.0002643160000843636,0.0004725279286503792,4.798639565706253e-06,1.6530975699424744e-06,0.016708312090486288,0.021031300756476412,17.025648499,1.9938779091648868,1655.1740270800005,0.6978638612415567,0.6203006382409079,0.6207416666666666,1.105988483640212,0.6203,0.06068728897145204,0.9999669917974616,3.3008202538376e-05
96,0.00225366299991947,0.0013236060001418082,0.0002670310000212339,0.0004816041328012943,4.868954420089722e-06,1.543201506137848e-06,0.016026951372623444,0.020359267661433478,17.309544446000018,2.0142371768263203,1672.4835715260006,0.700281785426441,0.6217005987047097,0.6218,1.1047201775297333,0.6219,0.06033088712982564,0.9999669917974616,3.3008202538376e-05
97,0.002290922999918621,0.0013071050000235118,0.00026452599990989256,0.0005039568059146404,5.1585957407951355e-06,1.712702214717865e-06,0.015459185000509024,0.019832567104231202,16.97480358100006,2.0340697439305515,1689.4583751070006,0.7031358461078274,0.6240015190728571,0.6232333333333334,1.1036405955688864,0.6242,0.060237330938271924,0.9999504876961925,4.951230380745297e-05
98,0.0022782190001180425,0.0013313800000105402,0.00026375500010544783,0.0004667360335588455,4.678033292293549e-06,1.4631077647209167e-06,0.016165571752935648,0.02051180292778554,17.1348653550001,2.054581546858337,1706.5932404620007,0.7044136757105518,0.6238013190887866,0.624175,1.1018639523771745,0.6246,0.05964396109513146,0.9999587397468271,4.1260253172858974e-05
99,0.002224828999942474,0.0012992500001018925,0.00025964700012082176,0.000525937881320715,4.7888606786727905e-06,1.4426186680793762e-06,0.016272353008389473,0.02058824836922213,16.727148497999906,2.075169795227559,1723.3203889600006,0.7071998104769958,0.6242017190569272,0.62425,1.1007615584361403,0.6246,0.059407891706276965,0.9999669917974616,3.3008202538376e-05
100,0.002222474000063812,0.002912520000108998,0.00025624099998822203,0.00048566190525889397,4.609115421772003e-06,1.5320256352424622e-06,0.016456808894872665,0.022339846941349606,17.081870338999806,2.097509642168909,1740.4022592990004,0.7090818447438271,0.6251012395365819,0.6252500000000001,1.099385998671568,0.6255,0.05913518737398414,0.9999752438480962,2.4756151903781998e-05
101,0.002239815999928396,0.0013557869999658578,0.00026376499999969383,0.0004776869900524616,4.948582500219345e-06,1.562759280204773e-06,0.01607179595157504,0.020415362283301874,16.87540378499989,2.1179250044522107,1757.2776630840003,0.7117198511781084,0.6265015598565565,0.6260000000000001,1.0980660040167314,0.626,0.05878022514608339,0.9999752438480962,2.4756151903781998e-05
102,0.0022857530000237603,0.0013152300000456307,0.00025756399986676115,0.0005287029780447483,4.428904503583908e-06,1.5427358448505402e-06,0.01625168416649103,0.020644905784820367,17.029998853000052,2.138569910237031,1774.3076619370004,0.7146017737688042,0.6279011604641856,0.6268666666666666,1.097086147416996,0.6265,0.05852201338406043,0.9999834958987308,1.6504101269188e-05
103,0.0022373820002030698,0.0013479619999543502,0.00026562900006865675,0.00048731500282883644,5.159992724657059e-06,1.623295247554779e-06,0.01534186489880085,0.019686936189827975,16.93506843399996,2.158256846426859,1791.2427303710003,0.7163178774790672,0.6283016803843839,0.6274083333333332,1.0962434478952914,0.6282,0.05817095170411081,0.9999834958987308,1.6504101269188e-05
104,0.002246450000029654,0.001338774000032572,0.0002672619998520531,0.000529975164681673,5.020294338464737e-06,1.6032718122005463e-06,0.015582697000354528,0.019971781731101146,16.926168006999887,2.17822862815796,1808.1688983780002,0.717785792211035,0.6290014806881986,0.627725,1.0955782411973687,0.628,0.05778089599580382,0.9999752438480962,2.4756151903781998e-05
105,0.0022296679999271873,0.001324167000120724,0.0002642160000050353,0.0004937071353197098,4.818663001060486e-06,1.7229467630386353e-06,0.016248999163508415,0.02056729890864517,17.14426401300011,2.1987959270666053,1825.3131623910003,0.719927828721374,0.6288015206082432,0.62835,1.0946465632583522,0.6285,0.057541074753329834,0.9999834958987308,1.6504101269188e-05
106,0.002248582999982318,0.0013330639999367122,0.00026230299999951967,0.00047938013449311256,4.798639565706253e-06,1.5730038285255432e-06,0.016705346293747425,0.02103504807155332,16.901365131000148,2.2198309751381586,1842.2145275220005,0.7230317930782534,0.6289021603845374,0.6285916666666665,1.0936398347721825,0.6288,0.05729189948978284,0.9999834958987308,1.6504101269188e-05
107,0.0022195389999524195,0.0013244780000150058,0.00027000700015378243,0.0005157282575964928,4.309229552745819e-06,1.8440186977386475e-06,0.01641732407733798,0.020753229583306165,16.99290340499988,2.240584204721465,1859.2074309270004,0.724743877906954,0.6295020406244031,0.6290749999999999,1.0929891610447364,0.6292,0.056973426159918204,0.9999834958987308,1.6504101269188e-05
108,0.0022629200000210403,0.0013625890001094376,0.0002629340001476521,0.00048728520050644875,4.7283247113227844e-06,1.7629936337471008e-06,0.017535074148327112,0.02191729366745676,16.859202930000038,2.2625014983889216,1876.0666338570004,0.7269937411248099,0.629100681039802,0.6291833333333333,1.0927323548099663,0.6297,0.05669797946702277,0.9999917479493654,8.252050634594e-06
109,0.002238884999997026,0.0013139180000507622,0.00027254199994786177,0.0004886072129011154,5.339737981557846e-06,1.7131678760051727e-06,0.02016640594229102,0.02448741106104535,17.00423419399999,2.286988909449967,1893.0708680510004,0.7291718136384904,0.6301006013916358,0.6295083333333332,1.0924116946473907,0.629,0.05636846275465506,0.9999752438480962,2.4756151903781998e-05
110,0.002243794000150956,0.0013496649999069632,0.00027394399990043894,0.000473919790238142,4.609115421772003e-06,1.7229467630386353e-06,0.016596902161836624,0.020944557014217935,17.368603085999894,2.307933466464185,1910.4394711370003,0.7314637210204172,0.6304009613437701,0.6298666666666666,1.0917741595944273,0.6295,0.05600598130418337,0.9999669917974616,3.3008202538376e-05
111,0.0022255400001540693,0.0013622389999454754,0.0002636050001001422,0.0004883669316768646,4.8796646296978e-06,1.6433186829090118e-06,0.015570563729852438,0.019916837645041596,16.83326050200003,2.3278503041092264,1927.2727316390003,0.7341018052209208,0.6312008016635912,0.6302583333333335,1.0914124974721595,0.6302,0.05589197352069013,0.9999917479493654,8.252050634594e-06
112,0.0022899499999766704,0.0013555059999816876,0.0002756879998742079,0.000491483137011528,8.855946362018585e-06,1.6530975699424744e-06,0.016213140916079283,0.020636277096855338,17.092305617999955,2.348486581206082,1944.3650372570003,0.7357098513251922,0.6312004418074184,0.630375,1.0909451744224452,0.6312,0.05552155683474496,0.9999917479493654,8.252050634594e-06
113,0.0022352980001869582,0.001333735000116576,0.0002651079998940986,0.00048534106463193893,5.070120096206665e-06,1.7229467630386353e-06,0.016841511707752943,0.02116778683944176,16.92592133800008,2.3696543680455235,1961.2909585950003,0.7384538017563491,0.6314000420312009,0.6306583333333333,1.0904224824301805,0.6306,0.05530506131435385,0.9999917479493654,8.252050634594e-06
114,0.0022565190001841984,0.0013342060001377831,0.0002674320001005981,0.00048465002328157425,4.377681761980057e-06,1.5827827155590057e-06,0.016412004828453064,0.020760772316634757,17.17673154399995,2.3904151403621583,1978.4676901390003,0.739767777291211,0.6314005218394312,0.6311416666666667,1.090046083625359,0.6312,0.05505923304143222,0.9999834958987308,1.6504101269188e-05
115,0.00225380300003053,0.0013182560001041566,0.0002656189999470371,0.0005433810874819756,4.518311470746994e-06,1.634005457162857e-06,0.01802629604935646,0.02241350745384807,16.75886516300011,2.4128286478160064,1995.2265553020004,0.7421017864418181,0.6318002020952266,0.631125,1.0896700492388085,0.6315,0.05490714213541576,1.0,0.0
116,0.002255466000178785,0.0028586600001290208,0.0002655490000051941,0.0005040671676397324,4.7390349209308624e-06,1.9227154552936554e-06,0.014284149277955294,0.02017455319628425,17.448585461999983,2.4330032010122906,2012.6751407640004,0.7452878042440235,0.6325002423031563,0.63125,1.0896052371097515,0.6314,0.05447838412740119,1.0,0.0
117,0.002208848999998736,0.001307645999986562,0.00026551899986770877,0.0004904107190668583,5.269888788461685e-06,1.5827827155590057e-06,0.0173374330624938,0.021616710452917687,16.896545192000076,2.4546199114652083,2029.5716859560005,0.7465318737055044,0.6327004422872268,0.6315583333333333,1.0895953321758705,0.6322,0.054330526349334995,1.0,0.0
118,0.0022322319998693274,0.001315089999934571,0.0002659799999946699,0.0004815738648176193,4.649162292480469e-06,1.5832483768463135e-06,0.015988579019904137,0.02028968729518965,16.95724688900009,2.474909598760398,2046.5289328450006,0.7494877942169812,0.6328002423991178,0.632075,1.0896953714044788,0.6327,0.05410483722461178,0.9999834958987308,1.6504101269188e-05
119,0.002160939000077633,0.0013420099999166268,0.00026840400005312404,0.00048825703561306,5.43985515832901e-06,1.6032718122005463e-06,0.016410010866820812,0.020676664029451786,17.317371519000062,2.4955862627898497,2063.8463043640004,0.750997789115901,0.6330997626868493,0.6321333333333333,1.0897635063038598,0.632,0.05387274388897926,0.9999917479493654,8.252050634594e-06
120,0.0022237670000322396,0.0013557669999499922,0.0002638660002958204,0.0005052788183093071,5.239620804786682e-06,1.8230639398097992e-06,0.01546884374693036,0.019824585250262317,17.250873099999808,2.515410848040112,2081.097177464,0.752831693291709,0.6336992830705424,0.6328666666666666,1.0899645112737824,0.6327,0.05358650785788926,1.0,0.0
121,0.0021955229999548465,0.001359101999696577,0.0002577440000095521,0.0004803324118256569,4.840083420276642e-06,1.6726553440093994e-06,0.016885605175048113,0.02118481932529903,16.835073303999707,2.536595667365411,2097.932250768,0.7557557546140427,0.6327994027347149,0.6331833333333333,1.0906558851652508,0.6333,0.05341850165534735,1.0,0.0
122,0.002229887999874336,0.0013220430000728811,0.0002752469999904861,0.0004942282103002071,4.989095032215118e-06,1.6628764569759369e-06,0.017511168960481882,0.021839227142208983,17.093513321000046,2.55843489450762,2115.025764089,0.756627836071722,0.6334992030385296,0.6335666666666666,1.0911146002479746,0.6335,0.05315614992325199,0.9999834958987308,1.6504101269188e-05
123,0.0022228349998840713,0.0013121749998390442,0.00026530900004217983,0.00046380097046494484,4.848930984735489e-06,1.7131678760051727e-06,0.015109989792108536,0.019380671861199517,16.793917732999944,2.5778155663688196,2131.819681822,0.7599657634686392,0.6332996028147471,0.6338083333333333,1.0915057976034623,0.634,0.052978081766757744,1.0,0.0
124,0.00220064299992373,0.0013523800002985809,0.00027014700026484206,0.00045261019840836525,4.618894308805466e-06,1.7029233276844025e-06,0.01602465705946088,0.020306759075992886,17.212225705000037,2.5981223254448125,2149.031907527,0.7616718790197217,0.6339998829267919,0.6344500000000001,1.0916001072412804,0.6343,0.05276088107880422,0.9999917479493654,8.252050634594e-06
125,0.0022709360000590095,0.00133522800024366,0.00026172099978793995,0.0004824758507311344,4.920177161693573e-06,1.6833655536174774e-06,0.014611774124205112,0.018968738517742167,17.00684948900016,2.6170910639625546,2166.038757016,0.7639418203240812,0.6353996034864785,0.6352333333333333,1.092134631887267,0.6353,0.052590473352776806,0.9999834958987308,1.6504101269188e-05
126,0.002252752000003966,0.0013344359999791777,0.0002635249998093059,0.0004883669316768646,4.93926927447319e-06,1.742970198392868e-06,0.014399855863302946,0.018745618034245126,17.191853630999958,2.6358366819967998,2183.230610647,0.766773847722523,0.6353996034864785,0.6356750000000001,1.0930220281021505,0.6359,0.05243365768376453,0.9999834958987308,1.6504101269188e-05
127,0.002184833999763214,0.0013534320000871958,0.00027049800019085524,0.0004925848916172981,4.398170858621597e-06,1.6130506992340088e-06,0.015991845168173313,0.02029920528138973,16.80245353500004,2.6561358872781895,2200.033064182,0.7677397536473607,0.6354002032467663,0.6357083333333334,1.0939914908590196,0.6363,0.052113775603041576,0.9999917479493654,8.252050634594e-06
128,0.002235119000033592,0.0013427819999378698,0.0002618519997668045,0.0005103279836475849,4.40794974565506e-06,1.642853021621704e-06,0.015453103929758072,0.0198092357159112,17.205820028999824,2.6759451229941007,2217.238884211,0.7690298203892129,0.6364002435506577,0.6361249999999999,1.0944735875612572,0.6358,0.05191332432567653,0.9999834958987308,1.6504101269188e-05
129,0.0022245979998842813,0.0013566779998654965,0.00026523800033828593,0.0005028736777603626,4.898756742477417e-06,1.6926787793636322e-06,0.01640385016798973,0.02075982928136,17.103644406000058,2.6967049522754607,2234.342528617,0.7718878025043642,0.6361008432149838,0.6365500000000001,1.095231281805642,0.6374,0.0517708223977557,0.9999834958987308,1.6504101269188e-05
130,0.002255396000236942,0.0013366109997150488,0.0002707380003812432,0.0004723169840872288,4.798639565706253e-06,1.6940757632255554e-06,0.015364567283540964,0.01970612198329036,17.05268624700011,2.716411074258751,2251.395214864,0.7743117924545874,0.6362999636305362,0.6370333333333333,1.0965550798404067,0.6385,0.051663571725905015,0.9999834958987308,1.6504101269188e-05
131,0.002279861999795685,0.0013429030000224884,0.0002729829998315836,0.0004974938929080963,5.090143531560898e-06,1.7830170691013336e-06,0.01577010005712509,0.020170215110283607,17.24828282200042,2.7365812893690347,2268.6434976860005,0.7764398296047982,0.6375002039184979,0.6375666666666665,1.0979005935825878,0.6383,0.05132100244396294,1.0,0.0
132,0.0022776079999857757,0.0013233360000413086,0.00026211299973510904,0.000493527390062809,5.010049790143967e-06,1.89291313290596e-06,0.015327667817473412,0.019691155170221464,16.896812814999976,2.756272444539256,2285.5403105010005,0.7782497510616818,0.6377005238546257,0.6377499999999999,1.0992699137216881,0.6382,0.0512314699590288,1.0,0.0
133,0.0022541739999724086,0.0013225040001998423,0.0002638350001689105,0.0004787188954651356,4.477798938751221e-06,1.642853021621704e-06,0.014776913914829493,0.019102266462596162,17.019542394999917,2.7753747110018523,2302.5598528960004,0.7794037945999365,0.6379003639825234,0.6382249999999999,1.0998931436599055,0.6386,0.05101062226332511,0.9999834958987308,1.6504101269188e-05
134,0.002227634000064427,0.0013829980002810771,0.0002689949997147778,0.00048013217747211456,4.548113793134689e-06,1.7532147467136383e-06,0.016512223053723574,0.02087828355979582,16.641193968000152,2.796252994561648,2319.2010468640005,0.7816277794271898,0.6385000043182741,0.6387583333333334,1.1010884884037548,0.6377,0.05094786991930036,0.9999917479493654,8.252050634594e-06
135,0.002196233999711694,0.0013019560001339414,0.00026479699999981676,0.0004941476508975029,4.6691857278347015e-06,1.7532147467136383e-06,0.014349400997161865,0.01861295804837937,16.835182954000175,2.8148659526100275,2336.0362298180007,0.783601815935378,0.6388996845740694,0.6392333333333333,1.102105413056627,0.6385,0.05063057114314358,0.9999917479493654,8.252050634594e-06
136,0.002214659999935975,0.0013690709997717931,0.000266871000349056,0.0004892493598163128,4.779081791639328e-06,1.6940757632255554e-06,0.01794047513976693,0.022286799657194933,17.12090396099984,2.8371527522672224,2353.1571337790006,0.7862778078089807,0.6405996451338329,0.6398250000000001,1.1037675044204616,0.6397,0.05042941436102273,1.0,0.0
137,0.0023068129999046505,0.0028706009998131776,0.0002678129999367229,0.0004927460104227066,4.498288035392761e-06,1.753680408000946e-06,0.016817866824567318,0.02276209180308797,17.000371387000087,2.8599148440703104,2370.1575051660006,0.7886117843169762,0.6419999654538074,0.6404666666666666,1.1051546923721893,0.6407,0.05025054983911803,1.0,0.0
138,0.0022299080001175753,0.0013806730003125267,0.0002720709999266546,0.00048410985618829727,4.789326339960098e-06,1.7229467630386353e-06,0.015566637273877859,0.019939911403525912,17.295791118000125,2.8798547554738363,2387.4532962840008,0.7900317782546673,0.6415990856774365,0.640425,1.1059186835832233,0.6417,0.050076349404360586,1.0,0.0
139,0.002281875000335276,0.001296716000069864,0.0002670619996933965,0.0004906207323074341,4.5979395508766174e-06,1.6628764569759369e-06,0.01573974173516035,0.020082276283574174,17.29189002200019,2.8999370317574105,2404.745186306001,0.79106998180424,0.6417998854217947,0.6409166666666667,1.1073391633697702,0.6417,0.049929049125517794,1.0,0.0
140,0.0022315310002340993,0.0013290059996506898,0.00025960699986171676,0.0004920139908790588,4.327856004238129e-06,1.773238182067871e-06,0.017254237085580826,0.021572496170392697,17.179741526999806,2.921509527927803,2421.9249278330008,0.7938559000733614,0.6419002852939738,0.6413333333333333,1.10875533653211,0.6413,0.04972334964711442,1.0,0.0
141,0.002240828000140027,0.0013235660003374505,0.0002735540001594927,0.0004840991459786892,4.879198968410492e-06,1.7737038433551788e-06,0.01639570388942957,0.020724403938856995,16.69079130900036,2.94223393186666,2438.615719142001,0.7956358839348541,0.6417991657094492,0.6411916666666666,1.1103745004798793,0.6416,0.04950564057669971,1.0,0.0
142,0.0022324930000650056,0.0013326030002644984,0.00026034899974547443,0.00047307880595326424,4.518311470746994e-06,1.6526319086551666e-06,0.016327396035194397,0.020632090784602042,17.206561168000007,2.962866022651262,2455.822280310001,0.7970596730562084,0.6423992858534301,0.6414750000000001,1.1117285852190815,0.6415,0.049241705159126806,1.0,0.0
143,0.002255385999887949,0.0013742409996666538,0.00028698999994958285,0.00047990167513489723,4.627741873264313e-06,1.984182745218277e-06,0.015774616971611977,0.020177747570869542,17.4292976480001,2.9830437702221317,2473.2515779580012,0.7989877953306702,0.6428997258375772,0.641825,1.1127803589724288,0.642,0.04917051367340968,1.0,0.0
144,0.0022794599999542697,0.001343302000350377,0.0002790940002341813,0.0005058599635958672,4.148110747337341e-06,1.623295247554779e-06,0.015650657936930656,0.020064145307060244,17.220832017999783,3.003107915529192,2490.472409976001,0.8005858835181808,0.6422993657894813,0.6415333333333333,1.11449950405314,0.6419,0.04900599759015409,1.0,0.0
145,0.002288816999680421,0.0012906340002700745,0.0002638860000843124,0.00047815777361392975,4.8889778554439545e-06,1.7229467630386353e-06,0.01581706991419196,0.02014517661245918,17.18082404300003,3.023253092141651,2507.653234019001,0.8033038302687104,0.6438998860935261,0.6424,1.1162417515923706,0.6415,0.04885712866142727,1.0,0.0
146,0.002290039999934379,0.0013253690003693919,0.000281479000022955,0.0004949499852955341,4.518311470746994e-06,1.6130506992340088e-06,0.01735988724976778,0.02175785659756002,17.169068181000057,3.045010948739211,2524.822302200001,0.8053518046928786,0.6435000858856732,0.6423916666666667,1.1179984453358227,0.6425,0.04862616066924378,1.0,0.0
147,0.002223795999725553,0.0013134360001458845,0.0002662199999576842,0.0005051381886005402,4.91878017783165e-06,1.773238182067871e-06,0.017845950089395046,0.022161232296184608,16.937594556999557,3.067172181035396,2541.7598967570007,0.8065458829544236,0.6433996860134942,0.6421333333333333,1.1193414194674431,0.6424,0.048506495104339284,1.0,0.0
148,0.0022446049997597584,0.0014495020000140357,0.0002635050000208139,0.0004747910425066948,4.649162292480469e-06,1.6028061509132385e-06,0.014791905879974365,0.01923056089071906,17.21002851500043,3.086402741926115,2558.969925272001,0.8090398317822524,0.6438995262373535,0.6424166666666665,1.1210755622839625,0.6423,0.0483576800316723,1.0,0.0
149,0.0022565579997717577,0.001312564999807364,0.00026492799997868133,0.0004932163283228874,4.828907549381256e-06,1.9939616322517395e-06,0.01535641634836793,0.019690506545430253,16.971527573999992,3.106093248471545,2575.941452846001,0.8099799366026713,0.6442992064931488,0.6425583333333332,1.1230835039404374,0.6423,0.04813910168707824,1.0,0.0
150,0.0022053619995858753,0.0013487630003510276,0.00027289199988445034,0.0004765554331243038,4.979316145181656e-06,1.6330741345882416e-06,0.016800898127257824,0.02111108295048325,17.271231734999674,3.1272043314220284,2593.2126845810008,0.812473809104393,0.643598926381104,0.642675,1.1256316900253296,0.6417,0.04808014157591144,1.0,0.0
151,0.0022818449997430434,0.0013124150000294321,0.0002630740000313381,0.0004868838004767895,4.949048161506653e-06,1.6330741345882416e-06,0.015669493936002254,0.020020293858578952,16.939666168999793,3.1472246252806073,2610.1523507500006,0.8143759310584966,0.6427992060133405,0.6428,1.1277726783028132,0.6421,0.0478065014788504,1.0,0.0
152,0.0022446050002145057,0.002797803999783355,0.000270087999979296,0.0004965020343661308,5.0300732254981995e-06,1.6028061509132385e-06,0.017590310890227556,0.023405942803947255,17.172441363000416,3.1706305680845546,2627.324792113001,0.8156578491483524,0.6425993658854429,0.6426333333333333,1.1295503702344774,0.6423,0.047796054066679784,1.0,0.0
153,0.0022220320001906657,0.0013551950000874058,0.00026799300030688755,0.0004956810735166073,4.459172487258911e-06,1.5832483768463135e-06,0.01648580702021718,0.020832750515182852,16.660923220000313,3.1914633185997374,2643.9857153330013,0.8175739498209323,0.6433996860134941,0.64285,1.1315871688384045,0.6422,0.04749181875983547,1.0,0.0
154,0.0022042589998818585,0.001374780999867653,0.00026369499983047717,0.00048722513020038605,5.020294338464737e-06,1.642853021621704e-06,0.019197700079530478,0.02353432335667094,16.86627721299965,3.2149976419564084,2660.851992546001,0.8196858514400939,0.6449998464613663,0.6435416666666668,1.1329466474207142,0.6417,0.04739817672580418,1.0,0.0
155,0.0022034379999240628,0.0013644929999827582,0.00026993700021193945,0.0004778169095516205,5.420763045549393e-06,1.773238182067871e-06,0.0184568390250206,0.022779717935918598,17.071885149999616,3.237777359892327,2677.9238776960005,0.8213778519417919,0.6451995666372065,0.6436000000000001,1.1349925949603696,0.6422,0.047217326018056366,1.0,0.0
156,0.002251527999760583,0.0013285949999044533,0.0002629330001582275,0.0005041570402681828,5.43985515832901e-06,1.7029233276844025e-06,0.01754586910828948,0.02190022492686694,17.11947471700023,3.259677584819194,2695.043352413001,0.8229038964448855,0.6465000868452896,0.6446666666666666,1.137180606021157,0.6433,0.04698962356539324,1.0,0.0
157,0.002213677000327152,0.0013425010001810733,0.0002594769998722768,0.0005062911659479141,4.848930984735489e-06,1.6926787793636322e-06,0.01828345423564315,0.022611942011735664,17.16014228799986,3.2822895268309296,2712.2034947010006,0.8257559150428792,0.6467998470371362,0.6450916666666667,1.139432404614702,0.6443,0.046864223209262604,1.0,0.0
158,0.002221662000010838,0.0013298069998199935,0.0002636249996612605,0.0005019316449761391,5.320180207490921e-06,1.7941929399967194e-06,0.017180873081088066,0.021505013098703785,17.234593782000047,3.3037945399296333,2729.4380884830007,0.8277639598721686,0.6468998870531426,0.6451583333333333,1.141931427430503,0.6441,0.04674528389295333,1.0,0.0
159,0.002212274999692454,0.0013150589998076612,0.00025611099999878206,0.0004928163252770901,4.909001290798187e-06,1.6633421182632446e-06,0.017128785606473684,0.021411619274658733,16.830956876000073,3.325206159204292,2746.2690453590008,0.8289039022821525,0.6474994074368355,0.6454916666666667,1.1446401642847666,0.6441,0.0467138803622253,1.0,0.0
160,0.0022767749997001374,0.0013295970002218382,0.00027518700017026276,0.0004945476539433002,5.269888788461685e-06,1.543201506137848e-06,0.0178846949711442,0.022267614715474338,17.185881461999998,3.3474737739197664,2763.4549268210008,0.8295758869295257,0.6476997273729636,0.6463166666666668,1.146856661084332,0.6451,0.04641948869739379,1.0,0.0
161,0.00230814399992596,0.0013263609998830361,0.0002713500002755609,0.0004958920180797577,4.978850483894348e-06,1.742970198392868e-06,0.01921951211988926,0.02362798095873586,17.063504706000003,3.3711017548785023,2780.5184315270008,0.8316979581623869,0.6475998073090147,0.6467250000000001,1.1490558981895447,0.6452,0.046195320541184984,1.0,0.0
162,0.0022875760000715673,0.0013484619998962444,0.00026413600016894634,0.00048700394108891487,5.010049790143967e-06,1.6628764569759369e-06,0.01623909641057253,0.02063294727804532,17.07607968399998,3.3917347021565476,2797.5945112110007,0.8336959121042758,0.6476997273729637,0.6468083333333334,1.1503449361535567,0.645,0.04604046062092108,1.0,0.0
163,0.002233894999790209,0.0013123540002197842,0.0002695160001167096,0.0004957909695804119,4.587695002555847e-06,1.623295247554779e-06,0.01779517810791731,0.022112945067874534,17.080494915000145,3.413847647224422,2814.675006126001,0.8358379073313116,0.6485993678046759,0.64705,1.1525311462486847,0.6453,0.046068950859414204,1.0,0.0
164,0.0022663059999104007,0.001327633000073547,0.00026637999962986214,0.0005022943951189518,4.839152097702026e-06,1.6032718122005463e-06,0.01872736820951104,0.023096424028153706,17.263510640000277,3.436944071252576,2831.938516766001,0.8370019323082093,0.6479998474209828,0.6469250000000001,1.154683457145208,0.6459,0.045859538228046046,1.0,0.0
165,0.0021545859999605455,0.0013309589999153104,0.0002692850002858904,0.0004906510002911091,4.508998245000839e-06,1.773238182067871e-06,0.016251059249043465,0.02050282248592339,17.212480460999814,3.4574468937384992,2849.150997227001,0.8390379062521854,0.64709924737281,0.6467333333333334,1.157280236859865,0.6457,0.04576715609826657,1.0,0.0
166,0.002285952999955043,0.002871883000352682,0.00027248100013821386,0.00048183510079979897,4.92902472615242e-06,1.9241124391555786e-06,0.016324725933372974,0.02224373117178402,17.05243927699985,3.4796906249102832,2866.203436504001,0.8405159200322064,0.6474994074368357,0.6472833333333333,1.1598745267602462,0.6463,0.04558622452111971,1.0,0.0
167,0.0022174640002958768,0.001336549999905401,0.00026304299990442814,0.0005001691170036793,4.448927938938141e-06,1.6130506992340088e-06,0.01748802186921239,0.021811309964959946,16.791173049999998,3.501501934875243,2882.994609554001,0.8424618973352991,0.647599207548727,0.6472666666666667,1.1625131496900245,0.6472,0.0453759261095669,1.0,0.0
168,0.002262619000248378,0.0013136060001670558,0.00026945599984173896,0.0005002589896321297,4.398170858621597e-06,2.103857696056366e-06,0.016943328082561493,0.021295770101005473,17.25377852099973,3.5227977049762487,2900.2483880750005,0.8429598406971417,0.6475993275007844,0.6475083333333335,1.1648372268374962,0.6466,0.04534284142302566,1.0,0.0
169,0.0022392649998437264,0.0013528099998438847,0.00026397600004202104,0.000475302804261446,4.689209163188934e-06,1.9832514226436615e-06,0.015303559135645628,0.01964158540022254,17.13260413199987,3.542439290376471,2917.3809922070004,0.8453019605767111,0.6473993674208293,0.6475833333333334,1.1673216223716736,0.6465,0.045054257906895635,1.0,0.0
170,0.002236689999790542,0.0013483620000442897,0.00025786399964999873,0.0004908819682896137,4.879198968410492e-06,1.593027263879776e-06,0.016899296082556248,0.021239566276562982,17.424701080999967,3.563678856653034,2934.8056932880004,0.8464478530627776,0.6478989677405734,0.6479416666666666,1.1705823993381066,0.6477,0.04507717274847194,1.0,0.0
171,0.0022672980003335397,0.0013475610003297334,0.0002706180002860492,0.0004929760470986366,4.749279469251633e-06,2.0442530512809753e-06,0.014986583963036537,0.01937183054360503,17.001021821999984,3.583050687196639,2951.8067151100004,0.848433945255575,0.6474985677724326,0.6480916666666666,1.1729963851880423,0.6472,0.04497546168942672,1.0,0.0
172,0.0022179050001795986,0.0028924620000907453,0.0002588970000942936,0.0004980652593076229,4.658009856939316e-06,1.6028061509132385e-06,0.016007130965590477,0.02188072104127059,17.114784841000073,3.60493140823791,2968.9214999510004,0.8506000201692938,0.6484987280283815,0.6484833333333333,1.175818591178218,0.6474,0.044798259574121924,1.0,0.0
173,0.002238113000203157,0.0013183460000618652,0.00027213099974687793,0.00048473989591002464,4.949048161506653e-06,1.6228295862674713e-06,0.017087760847061872,0.02140766262073157,16.819220244000007,3.6263390708586414,2985.7407201950004,0.8520338195315955,0.6482984080922537,0.648875,1.1783004093773757,0.6481,0.04449757436119289,1.0,0.0
174,0.0022369210000761086,0.0013397060001807404,0.00026480699989406276,0.0005157985724508762,4.779081791639328e-06,1.6628764569759369e-06,0.017314546275883913,0.021678220806734316,17.050809369000035,3.6480172916653757,3002.7915295640005,0.8535038613137546,0.6479985279483496,0.6493166666666667,1.1805471181869507,0.6478,0.04438332396848845,1.0,0.0
175,0.0022558870000466413,0.0013791699998364493,0.00025940699970306014,0.0004686601459980011,4.998873919248581e-06,1.7741695046424866e-06,0.016914764884859324,0.021284662073867366,17.376594655999725,3.669301953739243,3020.16812422,0.8557039095057705,0.6485984081882153,0.6494083333333334,1.1833009108712402,0.6487,0.04423215993810133,1.0,0.0
176,0.002242801999727817,0.0013628699998662341,0.00026015899993581115,0.0005172812379896641,4.689209163188934e-06,1.5529803931713104e-06,0.016324798110872507,0.020714152537948394,17.138552073000028,3.6900161062771915,3037.3066762930002,0.8570059810481604,0.6486984482042216,0.6495833333333333,1.1865222242814075,0.6491,0.04413508546401687,1.0,0.0
177,0.0023946880000949022,0.001335628000106226,0.0002645559998200042,0.0005094869993627071,5.209818482398987e-06,1.5730038285255432e-06,0.015269846189767122,0.019780988011461886,17.262767559000167,3.7097970942886533,3054.5694438520004,0.8573118716033202,0.6489984483001833,0.6497083333333334,1.189446128621886,0.6492,0.043860086303169954,1.0,0.0
178,0.0024902860000111104,0.0029489580001609283,0.000277171000107046,0.0005095466040074825,5.0389207899570465e-06,1.612585037946701e-06,0.015042891260236502,0.021275504370350973,17.317697147999752,3.7310725986590043,3071.887141,0.8593458173850174,0.649798648476177,0.6500833333333332,1.1928670361072202,0.6489,0.043839530952705805,1.0,0.0
179,0.002264491999994789,0.0013532210000448686,0.0002734039999268134,0.0005102991126477718,5.440320819616318e-06,1.8738210201263428e-06,0.016095646657049656,0.02050437691150364,17.007554177999737,3.751576975570508,3088.894695178,0.8611699263770851,0.6496981286519404,0.6504416666666667,1.195672575431534,0.65,0.04380455600095912,1.0,0.0
180,0.002294378999977198,0.0013376820002122258,0.0002634450002005906,0.0004924843087792397,4.568137228488922e-06,1.6130506992340088e-06,0.017418892588466406,0.021813064085563383,16.835703045999708,3.7733900396560713,3105.7303982239996,0.8624198201445853,0.649997888843787,0.6508916666666666,1.1990301224249829,0.65,0.04363511100706822,1.0,0.0
181,0.002252530000077968,0.0013395860000855464,0.0002637259999573871,0.00047490186989307404,5.1390379667282104e-06,1.623295247554779e-06,0.01676362194120884,0.021101128144437098,17.284125042999676,3.7944911678005084,3123.0145232669993,0.8637798745663477,0.6499980087958445,0.6508166666666667,1.2019751034205473,0.6514,0.043408793326820135,1.0,0.0
182,0.0022654540002804424,0.0013454369995997695,0.00026784300007420825,0.0004815650172531605,4.878733307123184e-06,1.7229467630386353e-06,0.01641886495053768,0.020785765647815424,17.256900087000304,3.815276933448324,3140.2714233539996,0.865937949639977,0.6504978490197036,0.6512666666666665,1.2052299093596543,0.6514,0.043149395744419214,1.0,0.0
183,0.0022643830002380128,0.0013168929999665124,0.0002569319999565778,0.0004726080223917961,4.7390349209308624e-06,1.783948391675949e-06,0.01773208100348711,0.022049420009352616,16.791652341999907,3.8373263534576765,3157.0630756959995,0.8661258222721924,0.6509975692915055,0.6514083333333334,1.2081498292428028,0.6514,0.04300649567115025,1.0,0.0
184,0.0022754130000066652,0.0013077159997010313,0.00026413600016894634,0.00048216478899121284,4.860106855630875e-06,1.7229467630386353e-06,0.015366388019174337,0.019702400861660863,17.303109439999844,3.8570287543193373,3174.3661851359993,0.8687878815110058,0.6511978892276334,0.6516916666666668,1.2113742239867584,0.6512,0.04303269567471929,1.0,0.0
185,0.0022669380000479578,0.0012962939999852097,0.00026013800015789457,0.0005131340585649014,5.139969289302826e-06,1.492910087108612e-06,0.017776845023036003,0.022119981961168378,17.23988779199999,3.8791487362805057,3191.6060729279993,0.868981938478047,0.6504980889238189,0.6516166666666666,1.2147983335241486,0.6508,0.042832164292132525,1.0,0.0
186,0.002172039000015502,0.0013828070000272419,0.0002667809999366,0.0004769260995090008,8.48621129989624e-06,1.5827827155590057e-06,0.01949245762079954,0.02380107971430334,16.873372309999922,3.902949815994809,3208.4794452379992,0.8718758596287812,0.6500982887159661,0.6517583333333332,1.2184212313422673,0.6509,0.04268982774927511,1.0,0.0
187,0.0022213209999790706,0.0013315510000211361,0.0002613210003801214,0.00047333911061286926,4.668720066547394e-06,1.6731210052967072e-06,0.01573677407577634,0.02003064802784138,16.808911467000144,3.9229804640226504,3225.2883567049994,0.871755884109204,0.6506986487640619,0.6518083333333333,1.2212920249262942,0.6518,0.04255014567919297,1.0,0.0
188,0.002266004999910365,0.0013388140000643034,0.0002671819997885905,0.000487426295876503,4.639383405447006e-06,1.6028061509132385e-06,0.01635814132168889,0.020723810806885012,16.889684795999983,3.9437042748295354,3242.1780415009994,0.8730239233285725,0.650498328827934,0.6517499999999999,1.2247570006153252,0.6514,0.042480254114537846,1.0,0.0
189,0.0025281480002377066,0.003029580000202259,0.0002627339999889955,0.0004929858259856701,4.91878017783165e-06,1.6028061509132385e-06,0.01570440409705043,0.022024373509793804,17.109856148999825,3.9657286483393293,3259.287897649999,0.8752799113564914,0.6503985287160428,0.651575,1.227871298789978,0.6517,0.04247645072052249,1.0,0.0
190,0.002203417000146146,0.0013466089999383257,0.00026569900001049973,0.0005116011016070843,4.688743501901627e-06,1.6032718122005463e-06,0.017092810943722725,0.021426429060738883,17.29748813399965,3.987155077400068,3276.585385783999,0.8763239036892413,0.6504988086361643,0.651475,1.231878478315812,0.6517,0.042279582183533,1.0,0.0
191,0.0022317409998322546,0.001327493000189861,0.0002653379997354932,0.0004944591782987118,4.868954420089722e-06,1.7140991985797882e-06,0.017279430758208036,0.021605044989883027,17.138815523000176,4.008760122389951,3293.724201306999,0.877734017956432,0.6495985684441642,0.6511250000000001,1.2355715685252902,0.6516,0.04194721642969243,1.0,0.0
192,0.002250796999760496,0.0013787990001219441,0.0002747859998635249,0.0005156691186130047,5.0389207899570465e-06,1.6731210052967072e-06,0.017002219799906015,0.02142898296006024,17.15064971699985,4.030189105350011,3310.874851023999,0.8787838662777357,0.6506987687161195,0.6513833333333333,1.2395675069169154,0.6517,0.04194271366042318,1.0,0.0
193,0.002175565000015922,0.0013498550001713738,0.000265106999904674,0.0004961020313203335,4.879198968410492e-06,1.6628764569759369e-06,0.01761084282770753,0.02190401393454522,16.7389365680001,4.052093119284557,3327.613787591999,0.8795639613353256,0.6496981286519403,0.6511916666666667,1.243130230450932,0.6513,0.04185073518042114,1.0,0.0
194,0.0022043289995963278,0.0013709249997191364,0.00025711299986141967,0.0005043582059442997,4.588160663843155e-06,1.6028061509132385e-06,0.0177024663425982,0.02204538251453414,17.06868548700004,4.074138501799091,3344.682473078999,0.8815479403990455,0.6502982487959212,0.6511833333333333,1.2467020267172704,0.6515,0.04160657945102707,1.0,0.0
195,0.00221576100011589,0.0013815550000799703,0.0002638760001900664,0.0004708250053226948,4.447996616363525e-06,1.593027263879776e-06,0.01817087596282363,0.022508933992412494,16.92840619899971,4.096647435791503,3361.6108792779987,0.8822498712825008,0.650797969067723,0.6512583333333334,1.2501882616477678,0.652,0.04161135101067251,1.0,0.0
196,0.0022669869999845105,0.0013155709998500242,0.00026264400003128685,0.0004747118800878525,4.728790372610092e-06,1.6628764569759369e-06,0.015086363069713116,0.019412668616496376,16.860019948999707,4.116060104408,3378.4708992269984,0.8835979113029575,0.6511976493235183,0.6514833333333333,1.2540932161898553,0.6522,0.041347437660990055,1.0,0.0
197,0.002199660999849584,0.0013472900000124355,0.00026325399994675536,0.0004963520914316177,4.508998245000839e-06,1.6530975699424744e-06,0.016174906864762306,0.020487626051817642,17.190215386999625,4.136547730459817,3395.661114613998,0.884921821232698,0.6505978890357101,0.6511916666666667,1.2581382356112516,0.6521,0.04126292888978999,1.0,0.0
198,0.0022700829999848793,0.0013279740001053142,0.0002656390001902764,0.00046925200149416924,4.799105226993561e-06,1.6530975699424744e-06,0.015465775039047003,0.019805175243618578,16.99858102899998,4.156352905703436,3412.659695642998,0.8858638322856399,0.6503976890516399,0.65125,1.2616845822032494,0.6517,0.04107584393307572,1.0,0.0
199,0.0022158609999678447,0.0013495749999492546,0.0002677330003280076,0.00046556396409869194,4.7390349209308624e-06,1.543201506137848e-06,0.016533420886844397,0.020838436087615264,16.77775901999985,4.177191341791051,3429.437454662998,0.8867559303849067,0.6503978090036975,0.6513416666666667,1.2655786509755291,0.6515,0.040817457342160954,1.0,0.0
